image_width: 1600
image_height: 1200
camera_name: 17528370
camera_matrix:
  rows: 3
  cols: 3
  data: [919.52111239, 0, 776.54832552, 0, 921.14505629, 568.49414399, 0, 0, 1]
distortion_model: plumb_bob
distortion_coefficients:
  rows: 1
  cols: 5
  data: [-0.23628778, 0.07612523, 0.00002559, 0.00007312, 0]
rectification_matrix:
  rows: 3
  cols: 3
  data: [1, 0, 0, 0, 1, 0, 0, 0, 1]
projection_matrix:
  rows: 3
  cols: 4
  data: [919.6098, -0.4539, 776.4432, 947.3696, 0.1697, 920.8892, 568.9084, 19.54, 0.0001, -0.0004, 1, 0.0211]