image_width: 1600
image_height: 1200
camera_name: 18060270
camera_matrix:
  rows: 3
  cols: 3
  data: [913.55593, 0,  772.48588631, 0, 915.66942085, 579.94937864, 0, 0, 1]
distortion_model: plumb_bob
distortion_coefficients:
  rows: 1
  cols: 5
  data: [-0.22928116, 0.06878711, 0.00009283, 0.00039086, 0]
rectification_matrix:
  rows: 3
  cols: 3
  data: [1, 0, 0, 0, 1, 0, 0, 0, 1]
projection_matrix:
  rows: 3
  cols: 4
  data: [913.5559, 0, 772.4859, 0, 0, 915.6694, 579.9494, 0, 0, 0, 1, 0]
