# SN_35E27024

image_width: 1280
image_height: 960
camera_name: center_right 
camera_matrix:
  rows: 3
  cols: 3
  data: [963.3687753110991, 0, 628.6899737316973, 0, 961.5963704296618, 446.21073029340903, 0, 0, 1]
distortion_model: plumb_bob
distortion_coefficients:
  rows: 1
  cols: 5
  data: [-0.40450765799436234, 0.1403145558563227, 0.001333474062390798, -0.0002965082060040399, 0]
rectification_matrix:
  rows: 3
  cols: 3
  data: [1, 0, 0, 0, 1, 0, 0, 0, 1]
projection_matrix:
  rows: 3
  cols: 4
  data: [963.3687753110991, 0, 628.6899737316973, 0, 0, 961.5963704296618, 446.21073029340903, 0, 0, 0, 1, 0]
